0 1 2 3 4 5 6 7 8 9 10 11 12 13 14 15 16 17 18 19 20 21 22 23 24 25 26 27 28 29 30 31 32 33 34 35 36 37 38 39 40 41 42 43 44 45 46 47 48 49 50 51 52 53 54 55 56 57 58 59 60 61 62 63 64 65 66 67 68 69 70 71 72 73 74 75 76 77
297 474 585 860.0 1109.0 1502.0 1750.0 1822.0 1972.0 2096.0 2226.0 2376.0 2585.0 2714.0 2832.0 2936.0 3080.0 3226.0 3502.0 3637.0 3762.0 3920.0                                                        
302 410 479 863.0 1114.0 1210.0 1501.0 1810.0 1972.0 2099.0 2154.0 2228.0 2376.0 2438.0 2591.0 2718.0 2832.0 2934.0 3225.0 3348.0 3390.0 3496.0 3672.0 3734.0 3888.0 3933.0                                                    
303 406 480 732.0 864.0 1111.0 1500.0 1811.0 1973.0 2104.0 2157.0 2376.0 2589.0 2648.0 2718.0 2832.0 2934.0 3099.0 3227.0 3388.0 3494.0 3931.0                                                        
138 568 852 1261.0 1326.0 1969.0 2372.0 2708.0 3222.0                                                                     
976 3201 3838                                                                           
109 134 208 256.0 324.0 398.0 468.0 538.0 564.0 596.0 804.0 852.0 1031.0 1100.0 1204.0 1440.0 1464.0 1838.0 1966.0 2161.0 2371.0 2526.0 2652.0 2702.0 2825.0 2924.0 3083.0 3168.0 3222.0 3300.0 3732.0 3761.0 3868.0                                             
301 407 483 564.0 590.0 720.0 792.0 856.0 1056.0 1113.0 1200.0 1368.0 1416.0 1459.0 1501.0 1608.0 1680.0 1735.0 1782.0 1812.0 1970.0 2094.0 2155.0 2226.0 2312.0 2375.0 2424.0 2484.0 2532.0 2664.0 2712.0 2796.0 2834.0 2934.0 3071.0 3096.0 3229.0 3339.0 3497.0 3578.0 3736.0 3930.0 4032.0                                   
136 242 607 852.0 1032.0 1099.0 1208.0 1272.0 1328.0 1599.0 1672.0 1836.0 1968.0 2373.0 2485.0 2530.0 2708.0 2826.0 2905.0 3094.0 3222.0 3337.0 3380.0 3457.0 3575.0 3647.0 3721.0 3763.0 3864.0 3944.0 4030.0                                               
604 870 1834 1971.0 2380.0 3091.0 3766.0                                                                       
205 240 493 567.0 792.0 853.0 984.0 1033.0 1056.0 1176.0 1212.0 1237.0 1327.0 1464.0 1598.0 1693.0 1764.0 1824.0 1968.0 2280.0 2342.0 2372.0 2497.0 2537.0 2706.0 2922.0 2975.0 3221.0 3762.0 3876.0 4020.0 4044.0                                              
138 221 251 276.0 300.0 564.0 727.0 756.0 781.0 854.0 1060.0 1188.0 1332.0 1460.0 1560.0 1762.0 1970.0 2268.0 2316.0 2368.0 2555.0 2711.0 2802.0 2940.0 3072.0 3218.0 3343.0 3468.0 3491.0 3535.0 3576.0 3912.0 3960.0 3996.0 4046.0                                           
567 854 1236 1331.0 1525.0 1752.0 1967.0 2372.0 2508.0 2664.0 2708.0 3052.0 3222.0 3373.0 3539.0 3840.0                                                              
321 563 756 853.0 1967.0 2704.0 2832.0 2893.0 2965.0 3011.0 3079.0 3218.0 3390.0 3504.0 3555.0 3576.0 3964.0 4008.0                                                            
294 398 476 575.0 730.0 860.0 1108.0 1330.0 1462.0 1496.0 1621.0 1657.0 1776.0 1974.0 2094.0 2150.0 2384.0 2590.0 2654.0 2713.0 2931.0 3091.0 3235.0 3390.0 3494.0 3734.0 3768.0 3920.0                                                  
145 396 474 582.0 726.0 862.0 1107.0 1248.0 1332.0 1396.0 1429.0 1499.0 1732.0 1814.0 1972.0 2146.0 2223.0 2381.0 2589.0 2716.0 2832.0 2930.0 3083.0 3236.0 3389.0 3494.0 3774.0 3962.0 4020.0                                                 
241 276 566 779.0 812.0 856.0 988.0 1102.0 1328.0 1416.0 1600.0 1674.0 1908.0 1968.0 2196.0 2286.0 2315.0 2373.0 2488.0 2540.0 2708.0 3166.0 3221.0 3388.0 3464.0 3574.0 3868.0 3908.0                                                  
133 287 405 458.0 583.0 720.0 804.0 866.0 966.0 1113.0 1275.0 1332.0 1594.0 1696.0 1784.0 1939.0 1974.0 2072.0 2174.0 2223.0 2276.0 2337.0 2370.0 2531.0 2614.0 2710.0 2838.0 2880.0 2918.0 3092.0 3344.0 3491.0 3548.0 3780.0 3845.0                                           
134 210 302 416.0 588.0 670.0 728.0 780.0 853.0 974.0 1166.0 1188.0 1248.0 1297.0 1356.0 1504.0 1608.0 1686.0 1822.0 1906.0 1972.0 2096.0 2231.0 2281.0 2422.0 2470.0 2496.0 2554.0 2602.0 2802.0 2836.0 2934.0 3084.0 3192.0 3392.0 3495.0 3575.0 3644.0 3706.0 3763.0 3837.0 3923.0 4033.0                                   
168 265 303 349.0 450.0 518.0 604.0 1033.0 1107.0 1205.0 1327.0 1836.0 1966.0 2250.0 2283.0 2343.0 2491.0 2525.0 2641.0 2677.0 2709.0 2776.0 2828.0 2892.0 2926.0 3092.0 3348.0 3391.0 3433.0 3492.0 3570.0 3647.0 3764.0 3840.0 3876.0 4056.0                                          
292 397 474 582.0 852.0 1108.0 1812.0 1974.0 2088.0 2150.0 2390.0 2649.0 2712.0 2936.0 3220.0 3391.0 3492.0                                                             
120 156 198 240.0 288.0 347.0 384.0 466.0 492.0 660.0 684.0 720.0 759.0 787.0 851.0 933.0 984.0 1008.0 1033.0 1152.0 1181.0 1224.0 1248.0 1272.0 1299.0 1341.0 1404.0 1431.0 1471.0 1548.0 1692.0 1788.0 1824.0 1882.0 1964.0 2064.0 2098.0 2137.0 2161.0 2193.0 2214.0 2239.0 2316.0 2365.0 2462.0 2505.0 2570.0 2676.0 2707.0 2796.0 2820.0 2928.0 3012.0 3079.0 3120.0 3218.0 3288.0 3348.0 3420.0 3444.0 3470.0 3516.0 3553.0 3600.0 3646.0 3849.0 3876.0           
205 257 452 564.0 760.0 852.0 918.0 1392.0 1749.0 1966.0 2282.0 2705.0 2821.0 2938.0 3013.0 3047.0 3132.0 3176.0 3218.0 3350.0 3396.0 3456.0 3506.0 3561.0 3588.0 3610.0 3660.0 3684.0 3720.0 3802.0 3828.0 3852.0 3912.0 3936.0 4007.0 4037.0                                          
570 852 1972 2375.0 2709.0 2991.0 3051.0 3108.0 3144.0 3185.0 3222.0 3484.0 3516.0 3602.0 3636.0 3671.0 3696.0 3756.0 3792.0 3816.0 3840.0 3909.0 3972.0                                                       
72 108 134 168.0 216.0 276.0 324.0 421.0 471.0 492.0 566.0 725.0 778.0 851.0 1720.0 1757.0 1780.0 1834.0 1917.0 1966.0 2065.0 2100.0 2197.0 2232.0 2280.0 2316.0 2368.0 2448.0 2520.0 2556.0 2581.0 2628.0 2706.0 2832.0 2880.0 2904.0 2938.0 2967.0 3000.0 3037.0 3107.0 3132.0 3162.0 3218.0 3312.0 3336.0 3360.0 3600.0                              
120 247 408 455.0 584.0 796.0 828.0 965.0 993.0 1032.0 1075.0 1108.0 1202.0 1331.0 1420.0 1668.0 1698.0 1828.0 1901.0 1968.0 2066.0 2192.0 2299.0 2368.0 2649.0 3004.0 3091.0 3222.0                                                  
146 172 252 301.0 418.0 469.0 528.0 588.0 756.0 792.0 855.0 907.0 948.0 1027.0 1068.0 1112.0 1248.0 1295.0 1394.0 1416.0 1440.0 1504.0 1572.0 1633.0 1655.0 1716.0 1740.0 1776.0 1818.0 2043.0 2112.0 2161.0 2196.0 2232.0 2256.0 2292.0 2316.0 2377.0 2499.0 2532.0 2557.0 2580.0 2606.0 2676.0 2713.0 2784.0 2808.0 2952.0 3037.0 3073.0 3156.0 3180.0 3216.0 3312.0 3384.0 3456.0 3480.0 3564.0 3600.0 3651.0 3708.0 3756.0 3912.0 3948.0 4008.0 4034.0            
96 133 181 216.0 275.0 324.0 372.0 412.0 444.0 472.0 504.0 528.0 686.0 708.0 805.0 849.0 936.0 960.0 984.0 1008.0 1044.0 1180.0 1224.0 1296.0 1332.0 1380.0 1440.0 1488.0 1548.0 1608.0 1646.0 1680.0 1704.0 1740.0 1812.0 1860.0 1967.0 2049.0 2107.0 2151.0 2208.0 2315.0 2366.0 2424.0 2508.0 2533.0 2581.0 2664.0 2705.0 2820.0 2880.0 2928.0 2996.0 3072.0 3120.0 3145.0 3171.0 3220.0 3288.0 3373.0 3444.0 3526.0 3624.0 3648.0 3774.0 3804.0 3912.0 4020.0          
125 242 570 728.0 780.0 855.0 985.0 1318.0 1648.0 1678.0 1828.0 1971.0 2100.0 2232.0 2376.0 2483.0 2712.0 3029.0 3075.0 3222.0 3323.0 3346.0 3388.0 3492.0 3764.0                                                     
133 168 204 240.0 276.0 301.0 324.0 350.0 395.0 481.0 505.0 569.0 672.0 708.0 744.0 768.0 811.0 948.0 984.0 1020.0 1051.0 1074.0 1106.0 1127.0 1236.0 1260.0 1341.0 1416.0 1453.0 1476.0 1502.0 1574.0 1602.0 1679.0 1717.0 1741.0 1909.0 1936.0 2028.0 2051.0 2136.0 2172.0 2196.0 2223.0 2273.0 2328.0 2448.0 2484.0 2520.0 2544.0 2595.0 2644.0 2673.0 2703.0 2748.0 2785.0 2818.0 2880.0 2928.0 3024.0 3183.0 3300.0 3348.0 3381.0 3468.0 3509.0 3543.0 3576.0 3648.0 3768.0 3804.0 3840.0 3876.0 3900.0 3936.0 3984.0 4022.0 4056.0
302 406 478 604.0 862.0 976.0 1108.0 1502.0 1674.0 1834.0 1970.0 2104.0 2156.0 2226.0 2380.0 2532.0 2588.0 2654.0 2716.0 2832.0 2934.0 3098.0 3220.0 3388.0 3496.0 3646.0 3766.0 3844.0 3930.0 4032.0                                                
303 406 479 604.0 864.0 976.0 1834.0 2104.0 2156.0 2380.0 2540.0 2718.0 2934.0 3201.0 3764.0 3838.0 3930.0                                                             
