0 1 2 3 4 5 6 7 8 9 10 11 12 13 14 15 16 17 18 19 20 21 22 23 24
3448 3668.0 3944.0 9131.0                     
2490 3396.0 4465.0 4863.0 4912.0 6411.0 6874.0 6964.0 7004.0 7058.0 7210.0 7254.0 7307.0 7573.0 7625.0 7680.0         
2786                        
1323 1609.0 2315.0 2519.0 7262.0 7794.0 9327.0 10023.0                 
1164 1239.0 1754.0 1944.0 3336.0 7313.0 7409.0 7460.0 8195.0 9270.0 10029.0              
1128 1202.0 1286.0 1348.0                     
562                        
7233 7337.0 7564.0 9823.0                     
721 990.0 7540.0 8200.0                     
1401 3446.0 3733.0 3774.0 3857.0 3897.0                   
306 1995.0 2417.0 2889.0 3404.0 6579.0 6769.0 7613.0 7910.0 8185.0               
335 405.0 3356.0 3403.0 6292.0 6774.0 6822.0 7909.0 8099.0 8180.0               
757 7238.0 7520.0 8245.0                     
275 1121.0 1152.0 1601.0 7307.0 7542.0 8208.0                  
3442 3484.0 7982.0 8084.0 8236.0 9693.0 9807.0 10122.0                 
133 779.0 963.0 3513.0 4559.0 6103.0 7273.0 7445.0 8333.0                
681 2624.0 2715.0 2934.0                     
636 752.0 954.0 7392.0                     
1381 1817.0 1980.0 2032.0 2117.0 2396.0 3319.0                  
1153 1535.0 7299.0 7455.0 7551.0 7912.0 8229.0 8470.0 9117.0                
8265 8632.0 8691.0 8888.0 9137.0 9293.0                   
5737 7015.0 7073.0 7281.0 7428.0 7636.0 8187.0 8255.0 8414.0 8653.0 9982.0              
1834 1918.0                       
379 544.0                       
761 938.0 4156.0 4269.0 4392.0 4564.0 4661.0 4803.0 5015.0 5121.0 5312.0 5587.0 5765.0 6459.0 7068.0 7133.0 7231.0 8328.0 8659.0 8923.0 9831.0    
259 441.0 1501.0 2191.0 2839.0                    
546 618.0 1748.0 1833.0 1936.0 2219.0                   
911 984.0 1185.0 1531.0 7331.0 8728.0                   
290 1011.0                       
717 774.0                       
7885 8408.0 9829.0 10021.0 10199.0                    
471 8653.0                       
1063 3441.0 3611.0 4027.0 4802.0 5376.0 6570.0 9065.0 9854.0                
7803 8399.0 9305.0 9777.0                     
772 815.0                       
3008 5622.0 6979.0 9901.0 10105.0 10134.0                   
3032 9852.0                       
1092 5143.0 5316.0 7030.0 7239.0                    
405 728.0 1008.0 4194.0 7270.0 7891.0                   
258 329.0 1517.0 2467.0 3692.0 3992.0 4383.0 4796.0 5038.0 5209.0 6525.0 6791.0 9563.0            
206 273.0 351.0 2662.0 2731.0 5234.0 5524.0 8440.0                 
394 3707.0 3958.0 5406.0 6819.0 7210.0 7281.0 7808.0 9991.0                
839 951.0 3606.0 4578.0 4851.0 5240.0 5677.0 6778.0 7026.0 9832.0 10181.0              
451 4176.0 4500.0 5783.0                     
886                        
1136 1459.0 2405.0 2452.0 2764.0 3746.0 4085.0 4308.0 5011.0 5166.0 6018.0 6199.0             
391 440.0 749.0 984.0 4176.0 7272.0 7531.0 7896.0                 
482                        
8298 9891.0 10191.0                      
1076 1181.0 1370.0                      
9882                        
3706 6293.0 7294.0 7587.0                     
681 760.0 882.0 7338.0 7402.0 7607.0 8666.0 8932.0 9118.0 9164.0               
3929 4114.0 4241.0 4368.0 6772.0 6936.0 6986.0 7196.0 9832.0                
3689 3731.0 3794.0 5416.0 5708.0 6187.0 6518.0 6735.0 8494.0 8942.0 9193.0 9331.0 9539.0 9675.0 10001.0 10166.0         
894 1719.0 1922.0                      
4776 4925.0 5075.0 5393.0 9841.0                    
196 3447.0 5447.0 5497.0 9472.0                    
76 296.0 7302.0 7413.0 7530.0 9065.0                   
1723                        
214 257.0 287.0 1833.0 2101.0 2418.0 3707.0 3892.0 3954.0 6100.0 6568.0 9212.0 9334.0 9456.0 9688.0          
535 684.0 896.0 4007.0 4121.0 4193.0 4355.0                  
5420 6083.0                       
983 2123.0 2408.0 2770.0 2827.0 3023.0 3648.0 3939.0 4170.0 7030.0               
181 327.0 2682.0 3847.0 4677.0 5440.0 5677.0 6557.0 6945.0 7030.0 7105.0 7796.0 7856.0 8052.0 8181.0 8252.0 8405.0 8620.0 8672.0 9761.0 9807.0 9991.0 10201.0  
930 1067.0 1305.0 1591.0 1806.0 2031.0 2465.0 2937.0 3049.0 3437.0 3690.0 3789.0 3896.0 3929.0 3965.0 6996.0 7081.0        
165 824.0 4210.0 4480.0 4790.0 6041.0 8276.0 8488.0 8930.0 10205.0               
834 3022.0 3567.0 4120.0 6330.0 6407.0 6777.0 9520.0                 
1489 1791.0 1921.0 2168.0 2681.0 2833.0 3012.0 3178.0 3645.0                
786 869.0 3985.0 4043.0 4264.0 4434.0 4719.0 4790.0 4924.0 5173.0 5378.0 5640.0 6064.0 6184.0 6523.0 7182.0 8629.0 9177.0 9547.0 9981.0 10100.0 10169.0   
1079 1300.0 1335.0 1525.0 1870.0 2044.0 2169.0 3657.0 3745.0 3964.0 5133.0 5434.0 5960.0 6102.0 6321.0 7278.0 10060.0        
472                        
434 1298.0 1567.0 1802.0 7003.0                    
344 1090.0 1329.0 1833.0 2040.0 2268.0 3055.0 3448.0 3944.0 5423.0 7421.0 9743.0             
2469 2976.0 3190.0 3450.0 4035.0 4073.0 4133.0 4263.0                 
761 972.0 5363.0 6069.0                     
757 948.0 3745.0 3838.0                     
1150 3852.0 4079.0 7272.0                     
1037                        
723 3913.0                       
327 487.0 523.0 1397.0 1617.0 8161.0 9555.0                  
3217 5170.0 7311.0 7605.0 7983.0 8137.0                   
673 748.0 1729.0 3917.0 6571.0                    
928 4029.0 6096.0 6538.0 8273.0 8550.0 9096.0 9134.0 9646.0                
1891 2035.0 2401.0 7699.0                     
210 1131.0 1272.0 1385.0 1450.0 1486.0 1581.0 1699.0 1890.0 2014.0 2190.0 2324.0 2762.0 3618.0 3924.0 5507.0 6135.0 7432.0 9474.0 10010.0     
313 1395.0 1579.0 5209.0 6799.0 7649.0 7752.0 8154.0 8903.0 9554.0               
807 937.0 2607.0 2748.0 3368.0 3512.0 4024.0 4068.0 6070.0 6494.0 6591.0 7778.0 8249.0 8417.0 8633.0 8828.0 8936.0 9333.0 9562.0 10016.0 10221.0    
3469                        
6341 6500.0 7615.0 7749.0 7822.0 8805.0 8941.0 9024.0 9151.0 10016.0 10186.0              
996 1720.0 4847.0 6560.0 10117.0                    
183 365.0 4007.0 4363.0 6862.0 7396.0 9200.0                  
784 1690.0 3212.0 4115.0 5498.0 6765.0 8202.0 8766.0                 
9076                        
6742 9339.0                       
249 1456.0 7543.0                      
2213                        
1275 1697.0 3223.0 4089.0 5503.0 8175.0 8769.0                  
556 2568.0 3277.0 3442.0 3793.0 3900.0 4012.0 7327.0 7712.0 7925.0 8645.0              
376 2260.0 2300.0 2569.0 2983.0 3787.0 4010.0 7341.0 7712.0 7917.0               
5765 7309.0 7546.0 7896.0                     
5771 7303.0 7547.0 7660.0                     
3189                        
3560 4222.0 5632.0 6051.0 6351.0 6771.0 8414.0 8623.0 8776.0 8864.0 9097.0 9376.0 9506.0 9879.0           
85 223.0 1155.0                      
3998 8640.0 8901.0 9075.0 9194.0 10177.0                   
417 3895.0 9679.0                      
369 838.0 941.0 1030.0 1178.0 1985.0 2104.0 2823.0 2969.0 3389.0 3554.0 3933.0 5369.0 5669.0 6073.0 6391.0 8315.0 8990.0 9443.0      
430                        
769 2038.0 3982.0 4303.0 5625.0 5659.0 6614.0 7031.0 9878.0                
1819 2043.0 2941.0                      
194 4796.0 4871.0 5004.0 5149.0 5258.0 5366.0 5402.0 5858.0                
203 259.0 4367.0 5403.0 5851.0                    
740 962.0 3729.0 4947.0 5757.0 7870.0 8032.0 8191.0 8556.0 8741.0 8913.0 9227.0             
700                        
336 704.0 1084.0 1668.0 1850.0 2925.0 6440.0 6572.0 7884.0 8176.0 8636.0 9669.0 9764.0 9850.0 9961.0 10209.0         
1292 1357.0 1491.0 1678.0 3981.0 6632.0 9770.0                  
913 1192.0                       
415 4511.0 4754.0                      
768 949.0 2320.0 3941.0 4399.0 4440.0 4592.0 4840.0 6071.0                
1741 2835.0 3951.0                      
266 2449.0 2839.0 3213.0 3662.0 3770.0                   
165 725.0                       
1802 2610.0 2840.0 3009.0 3687.0 3953.0 7010.0                  
710                        
329 1051.0 1106.0 1840.0 2926.0 3669.0 3938.0 4602.0 5879.0 6441.0 6574.0 6948.0 7525.0 7934.0 8186.0 8657.0 8941.0 9332.0 9668.0 9852.0 10013.0 10217.0   
379 1265.0 5387.0 8933.0 9146.0 9818.0                   
3888 5988.0 8571.0                      
1159 1217.0 3324.0 3848.0 4129.0 9870.0                   
311 1185.0 5442.0 6700.0 6947.0 7540.0 7636.0 7874.0 8060.0 9011.0 9315.0              
7185                        
205 372.0 416.0 615.0                     
425 722.0 835.0 1163.0 4039.0 5371.0 5638.0 6050.0                 
272 3979.0 4453.0 7714.0 7782.0 8036.0 8495.0 9416.0 9686.0 9815.0               
285 662.0 903.0 1770.0 1822.0 2180.0                   
2070 4100.0 4338.0 4373.0 4681.0 6323.0 9077.0 9371.0 9547.0 9811.0 10175.0              
380 503.0 4191.0 4610.0 4751.0 5487.0 6162.0 6893.0 7116.0 8619.0 8833.0 8909.0 8964.0 9661.0 9779.0 10161.0 10200.0        
8317 8411.0 9508.0 9598.0 10018.0                    
175 4838.0 5053.0 8528.0                     
334 1935.0 2185.0 2412.0 2616.0 2842.0 3992.0 4776.0 5667.0 6087.0 6374.0 6546.0 6730.0 7046.0 9080.0          
401 480.0 3469.0 7975.0                     
452 528.0 608.0 1061.0 1330.0 3674.0 3955.0 4275.0 4639.0 4799.0 5398.0 5471.0 5637.0 5964.0 6549.0 6800.0 7181.0 7355.0 8275.0 8691.0 8931.0 9151.0 9831.0 9969.0 10146.0
1143 1218.0 1391.0 1753.0 1890.0 1990.0 2172.0 2488.0 2632.0 2675.0 2819.0 3009.0 3120.0 3226.0 3355.0          
570 1084.0 1366.0 1797.0 2058.0 2408.0 3452.0 3692.0 3966.0 6415.0 6594.0 9848.0 10096.0 10203.0           
448 4055.0 6349.0 6493.0 6751.0 6977.0 7227.0 8937.0 9168.0 9506.0 9584.0 10011.0             
1122 4385.0 9808.0 10180.0                     
669 1520.0 1617.0 2598.0 2836.0 2965.0 9081.0                  
1211 1253.0 1522.0 1703.0 1931.0 2600.0 6203.0                  
426 2484.0 2546.0 2679.0 2999.0 3080.0 3163.0 3231.0 3509.0 4458.0 5423.0 6629.0 8311.0 8549.0           
391 855.0 2862.0 4091.0 4336.0 4394.0 4627.0 4940.0 5269.0 5467.0 5834.0 6028.0 6628.0 8010.0 8787.0 9378.0         
1212 1315.0 3942.0 7230.0                     
4928 6812.0                       
1017 4459.0                       
705 1105.0 3174.0 3266.0 4092.0 4441.0 4604.0 4953.0 5240.0 6060.0 6319.0 7293.0 8201.0 9280.0 9390.0          
9112 9324.0 9572.0 9856.0                     
1144                        
325 392.0 1147.0 2205.0 2784.0 3115.0 4056.0 6040.0 6959.0 7284.0 7435.0 9540.0 9627.0            
879 3081.0 4881.0 4943.0 5267.0                    
844 994.0 4008.0 4629.0 4844.0 5433.0 5511.0 5631.0 5744.0 6559.0 6700.0 7059.0 9827.0            
1725 4706.0 5856.0                      
1043 4453.0 9830.0 9973.0 10012.0                    
998 1374.0 1701.0 7224.0 8236.0 8537.0 8769.0                  
2401 3074.0 3946.0 4011.0 4401.0 4658.0 5339.0 6832.0                 
130 673.0 1673.0 2804.0                     
6569 7197.0 7979.0 8692.0 9173.0 9612.0 10223.0                  
171 249.0 320.0 405.0 1057.0 1092.0 1161.0                  
3277 9848.0                       
396 486.0 2513.0 6280.0 6562.0 8986.0 9558.0                  
1971 5979.0 8118.0 8658.0 9456.0 9640.0 9899.0 10074.0 10223.0                
759 5707.0 6145.0 7324.0 7422.0 7691.0 8240.0 8401.0                 
4928 6134.0                       
1322 2571.0 3942.0 7935.0 8207.0 8458.0 9226.0 9751.0 9887.0                
435 1951.0 5675.0 6768.0                     
272 1107.0 1322.0 2688.0 2966.0 4094.0 7277.0 7569.0 9512.0                
409 1951.0 4519.0                      
8621 9347.0                       
671 7317.0 7591.0                      
518 1031.0 1816.0 1869.0 2031.0 2398.0 2932.0 3172.0 3417.0 3678.0 4633.0 5425.0 9753.0            
1443 1768.0 2349.0 2402.0 2460.0 7182.0 8688.0 8856.0 9324.0                
8630 9319.0 9564.0 9771.0 9997.0                    
496 7500.0                       
1460 1861.0 2032.0 4109.0 4260.0 4829.0 6531.0 6767.0 7012.0                
76 742.0 2399.0 2480.0 2688.0 2957.0 3102.0 3434.0 3632.0 3685.0 4009.0 5639.0 6560.0 7287.0 7438.0 8052.0 8758.0        
2953 3025.0 3071.0 3263.0 8935.0 9064.0 9221.0 9382.0 9572.0 10015.0               
745 852.0 4160.0 5404.0 7000.0                    
3006 3076.0 3273.0                      
2066 2906.0 2964.0 7312.0 7525.0 8205.0                   
1541 10102.0                       
573                        
4127 4208.0 4422.0 4519.0 4746.0 4875.0 5081.0 5331.0 5466.0 6191.0 6306.0 8487.0 9312.0 9674.0 10204.0          
563 761.0 941.0 4076.0                     
7066 8914.0                       
4099 4270.0 4431.0 4501.0 4651.0 4907.0 5013.0 5109.0 5204.0 5307.0 5646.0 5738.0 5900.0 5949.0 6109.0 6807.0 7305.0 7519.0 7792.0 8033.0 8901.0 9247.0 9310.0 9570.0 10009.0
1144 1525.0 1719.0 1927.0 2155.0 3130.0 3208.0 9058.0                 
6314 6410.0 6797.0 7297.0 7915.0 8206.0                   
4063                        
2598 2993.0 3269.0 7934.0 8109.0                    
839 1196.0 1955.0 4851.0 5654.0 6773.0                   
6418 6807.0                       
1554 1586.0 4053.0 4474.0 4652.0 5043.0 5233.0 5491.0 7107.0 7863.0               
730 1723.0 4124.0 4442.0 4791.0 4846.0 4990.0 5379.0 5557.0 5652.0 5741.0 6007.0 6396.0 6553.0 6807.0 7027.0 7064.0 7269.0 7875.0 8934.0 9586.0 9833.0   
1451 2095.0 3885.0 4270.0 5217.0 7175.0                   
1625 4648.0 4718.0 6081.0                     
898 3450.0 3698.0 6416.0 6778.0                    
477 541.0 645.0                      
1053 2703.0 5579.0 6598.0 7951.0 9123.0 9565.0 9805.0                 
1330 1527.0 1593.0 1815.0 2020.0 2260.0 2398.0 3030.0                 
444 8906.0                       
1967 3526.0                       
94 405.0 536.0                      
1078 1404.0 1722.0                      
1958 4483.0 5822.0 5886.0                     
721 1005.0 4412.0 6586.0 7428.0 7913.0 7949.0 9985.0                 
6061                        
8420 8654.0                       
681 2907.0 3889.0                      
477 1612.0 1764.0 1956.0 2229.0 2655.0 3383.0 6827.0 7573.0 9317.0               
472 1615.0 1766.0 1963.0 2223.0 3383.0 6837.0 7625.0 7906.0 8196.0 9317.0              
315                        
708 1002.0 5396.0 6978.0 8291.0                    
931 1038.0 1512.0 6353.0 8236.0 9995.0 10098.0                  
4299 5462.0 5869.0 5953.0 6084.0 6197.0 6672.0 6876.0 7067.0 8336.0 10114.0              
3517 4450.0 5551.0 6772.0 7319.0 7585.0 7731.0 7866.0 7977.0                
740                        
5694 7651.0 9082.0                      
375 2063.0 3556.0 4848.0 7531.0 7935.0 8075.0 8232.0                 
8645                        
937 1262.0 4154.0 4796.0 5857.0 6688.0 6916.0 8333.0 8643.0                
1992 7588.0                       
208 356.0 1146.0 1586.0 1930.0 2074.0 2551.0 2744.0 3211.0 5942.0 7136.0 9211.0 9421.0            
505                        
247 380.0 502.0 609.0 851.0 895.0 1007.0 1131.0 1294.0 2982.0 3157.0 3322.0 3638.0 3946.0 3984.0 4032.0         
2965 4541.0 4755.0 4882.0 4980.0 7573.0 8119.0                  
1402 1770.0 1834.0 2038.0 3210.0 3794.0                   
2228                        
1399 2957.0 3073.0                      
1447 8786.0                       
4991 6192.0 7097.0 7439.0 7828.0 8365.0 8860.0 9008.0 9086.0 9277.0 9797.0 10170.0             
3220 7777.0 9448.0                      
7306                        
1217 1752.0 1786.0 2292.0                     
633 3976.0 7258.0                      
977 9237.0 9387.0                      
296 866.0 1167.0 1354.0                     
