0 1 2 3 4 5 6 7 8 9 10 11 12 13 14 15 16 17 18 19 20 21 22 23 24 25 26 27 28 29 30 31 32 33 34 35
6 47 56 62 88 127 160 193.0 232.0 249.0 257.0 272.0 279.0 288.0 304.0 313.0 328.0 335.0 353.0 365.0 381.0 399.0 412.0 437.0 449.0 473.0 495.0 530.0 566.0 578.0      
3 7 30 40 63 72 75 91.0 123.0 188.0 217.0 224.0 227.0 249.0 261.0 279.0 332.0 372.0 397.0 400.0 424.0 436.0 462.0 482.0 499.0 518.0 529.0 543.0 548.0 556.0 566.0 582.0 591.0 597.0  
59 108 125 135 200 240 300 312.0 378.0 444.0 534.0                         
26 39 88 127 245 265 399 457.0 489.0 519.0 534.0 551.0                        
32 42 68 76 92 164 308 375.0 400.0 468.0                          
15 33 44 59 69 87 101 122.0 130.0 151.0 170.0 176.0 203.0 218.0 225.0 237.0 252.0 258.0 292.0 323.0 332.0 341.0 354.0 388.0 399.0 406.0 415.0 426.0 459.0 480.0 504.0 524.0 534.0 544.0 560.0 577.0
23 69 98 118 132 145 178 207.0 266.0 294.0 318.0 343.0 380.0 421.0 461.0 504.0 529.0 553.0 567.0 587.0                
26 72 108 159 168 192 328 340.0 349.0 372.0 400.0 417.0 429.0 448.0 478.0 487.0 505.0 570.0 579.0                 
49 79 103 150 228 299 363 409.0 486.0                           
35 52 104 128 166 189 211 233.0 248.0 272.0 354.0 384.0 398.0 428.0 467.0 494.0 513.0 523.0 542.0 575.0                
6 31 56 118 148 157 224 277.0 283.0 406.0 468.0 538.0 563.0 578.0 587.0 596.0                    
4 25 53 118 137 148 181 195.0 200.0 217.0 224.0 240.0 276.0 335.0 378.0 484.0 501.0 530.0 554.0 571.0 577.0 592.0              
55 154 170 192 257 275 323 418.0 442.0 457.0 472.0 482.0 488.0 503.0 510.0 533.0 537.0 548.0 555.0 572.0 578.0 583.0 590.0             
17 41 51 65 73 164 169 174.0 193.0 255.0 309.0 331.0 348.0 352.0 365.0 370.0 389.0 406.0 430.0 441.0                
18 32 81 116 123 135 157 196.0 201.0 224.0 239.0 266.0 298.0 313.0 351.0 393.0 407.0 421.0 428.0 435.0 456.0 471.0 484.0 497.0 516.0 531.0          
305 322 438 484 499 516 531 539.0 580.0 587.0                          
33 50 104 114 182 232 263 316.0 334.0 343.0 381.0 391.0 406.0 424.0 441.0 549.0 565.0                   
78 128 152 184 204 220 264 301.0 337.0 353.0 376.0 457.0 517.0 553.0 571.0                     
47 78 84 97 113 126 157 241.0 262.0 316.0 411.0 433.0 473.0 485.0 494.0 521.0 531.0 561.0 589.0                 
74 96 110 203 485 508 594                             
11 32 43 98 137 179 196 238.0 251.0 281.0 310.0 376.0 409.0 483.0 501.0 519.0                    
49 67 78 93 162 263 279 309.0 318.0 368.0 379.0 389.0 428.0 449.0 491.0 542.0                    
32 102 135 154 170 198 225 292.0 323.0 332.0 359.0 374.0 388.0 415.0 431.0 442.0 455.0 526.0 541.0 589.0                
32 93 123 202 245 348 356 365.0 374.0 449.0 468.0 480.0 488.0 496.0 511.0 527.0 550.0                   
7 26 49 77 98 133 149 166.0 190.0 216.0 253.0 262.0 284.0 291.0 308.0 322.0 414.0 435.0 444.0 573.0 594.0               
101 110 114 117 165 191 201 216.0 223.0 319.0 340.0 344.0 353.0 370.0 545.0                     
